算例,随机数种子,未覆盖结点数目,运行时间,迭代次数,
u1060p140r452.46   1   0   0.1   1082
u1060p140r452.46   2   0   0.096   812
u1060p140r452.46   3   0   0.097   652
u1060p140r452.46   4   0   0.095   831
u1060p140r452.46   5   0   0.086   600
u1060p140r452.46   6   0   0.108   631
u1060p140r452.46   7   0   0.086   1068
算例,随机数种子,未覆盖结点数目,运行时间,迭代次数,
u1060p140r452.46   1   0   0.057   1082
u1060p140r452.46   2   0   0.051   812
u1060p140r452.46   3   0   0.049   652
u1060p140r452.46   4   0   0.055   831
u1060p140r452.46   5   0   0.06   600
u1060p140r452.46   6   0   0.061   631
u1060p140r452.46   7   0   0.072   1068
u1060p140r452.46   8   0   0.094   681
u1060p140r452.46   9   0   0.098   701
u1060p140r452.46   10   0   0.085   733
