算例,随机数种子,未覆盖结点数目,运行时间,迭代次数,
pcb3038p300r115.00   1   0   492.824   4087840
pcb3038p300r115.00   2   0   297.957   2591640
pcb3038p300r115.00   3   0   118.512   1158224
pcb3038p300r115.00   4   0   21.494   196798
pcb3038p300r115.00   5   0   123.501   1194097
pcb3038p300r115.00   6   0   30.095   289709
pcb3038p300r115.00   7   0   22.619   218271
pcb3038p300r115.00   8   0   137.491   1382756
pcb3038p300r115.00   9   0   277.014   2815165
pcb3038p300r115.00   10   0   105.243   1075323
